image: casa_kr_map.pgm
resolution: 0.050000
#origin: [-4.815086, -13.853108, 0.000000]
origin: [0, 0, 0.000000]
negate: 0
occupied_thresh: 0.65
free_thresh: 0.196

